7.667941040420123144e-01
6.760380384076389859e-01
4.037704156943413558e-01
6.421701148290952510e-01
5.288311365304743106e-02
2.852685356930539928e-02
2.221052303839154973e-02
3.566747447015827799e-02
2.825126729837046380e-02
3.962764935431356550e-02
3.032168866542700458e-02
2.732458921811431463e-02
3.566044606044344034e-02
3.079003221761794640e-02
1.842768427789354124e-02
2.429448301237491226e-02
2.804238135868772352e-02
2.062596774967961899e-02
2.350862940464137907e-02
1.688602647272374746e-02
1.288951497240833910e-02
2.355010050756473072e-02
2.586868485286833441e-02
1.851865426505359263e-02
1.977494016999590751e-02
