5.146374632252204151e-01
3.532718994063839268e-01
1.602004322533712166e-01
5.514914270774695648e-02
5.080503799962499123e-02
3.801940710534201795e-02
7.176491547329888476e-02
3.910546127842717823e-02
3.270267064194609663e-02
1.840710491605718202e-02
3.224940746882831721e-02
2.618079508601012240e-02
1.821830049656059103e-02
2.614487468472531662e-02
5.392914381882429886e-02
4.105710021890607297e-02
2.778159051124892698e-02
1.428159707371134957e-02
1.431074675619520287e-02
3.716629402532437010e-02
2.301483475301095705e-02
1.838136507008326925e-02
1.680525840249390279e-02
2.218933566206311714e-02
1.681908431893177486e-02
