3.895084419737230519e+00
2.662429941400615618e+00
8.824161606840743577e-01
7.822306029463048649e-01
7.191801016428044369e-01
6.700779148213159564e-01
6.148838286059091773e-01
5.651555077777346003e-01
5.318045446358843353e-01
4.943965688579726181e-01
4.599254908800730068e-01
4.229180753957582084e-01
3.874063229543106002e-01
3.531375260067555200e-01
3.227881679518688762e-01
2.913740412791844259e-01
2.527618995753382336e-01
2.187298479429494180e-01
1.911199018797536398e-01
1.651083913332879738e-01
1.337411895736850820e-01
1.067770205651594334e-01
7.931644123949663228e-02
4.996355649145810263e-02
1.633435871151839996e-02
