6.300616975403336539e+00
4.921031528474071770e+00
3.495756918445946493e+00
2.495811885422559495e+00
6.657473776272737620e-01
6.191948814806650381e-01
5.772132974084767110e-01
5.242589743352459308e-01
4.818482605826565068e-01
4.575077102749826041e-01
4.185469560976368131e-01
3.893566826877024045e-01
3.618959153373506044e-01
3.273921443489457017e-01
3.011237553922523902e-01
2.659059657599798787e-01
2.421235605949233205e-01
2.067106897770369933e-01
1.814512602860441359e-01
1.587548748476204086e-01
1.255712489585253666e-01
9.734816187785258479e-02
7.544554920638889273e-02
4.489920673757354791e-02
1.165344281934588624e-02
